*  洛陽城鎮地圖二版
*
*                               廣莫門
  0   0   0   0   0   0   0   0 502   0   0   0   0
  0   0   0   0   0   0   0   0 503   0   0   0   0
  0   0   0   0   0   0   0 609 504 610   0   0   0
  0   0   0   0   0   0   0   0 505   0   0   0   0
*   金墉城      大夏門
  0 510   0   0 508   0   0 607 506 608   0   0   0
*承明門
511 512 513 514 509   0   0   0 507   0   0   0   0
  0   0 515   0 516 517 518 519 520   0   0   0   0
*                                               建春門
  0   0 521   0 522 523 524   0 525 526 527 528 529
*閶闔門
530 531 532 533 534   0 535   0 536   0   0 537   0
  0   0 538   0 539 540 541 542 543   0   0 544   0
*西陽門                 正陽門                  東陽門
545 546 547 548 549 550 501 551 552 553 554 555 556
  0   0 557   0 601   0 558   0   0 559   0 560   0
  0   0 561 562   0 597 563 598 602 564 603 565   0
  0   0 566 567 606   0 568   0   0 569   0 570   0
  0   0 571 572   0 599 573 600 604 574 605 575   0
  0   0 576   0   0   0 577   0   0 578   0 579   0
*西明門                                         青陽門
580 581 582 583 584 585 586 587 588 589 590 591 592
  0   0 593   0   0   0 594   0   0 595   0 596   0
*       津陽門          宣陽門      平昌門  開陽門
