** MUD3838 區域地圖示範檔案

*Sector   SECT_CITY  區域地型
*Name     新手動物園     區域名稱
*RoomFlag 0          房間旗標
*Desc     這是一座動物園﹐有很多動物跑來跑去﹗   房間描述
** 若要產生作用, 請把第一個 * 消掉

** 以下是房間號碼, 不能重覆.

1249 1250 1251 1252 1253 1254 1255 1256 1257 1258
   0 1268    0    0    0 1270    0    0    0 1271
   0 1259 1260 1261 1262 1263 1264 1265 1266 1267
   0 1272    0 1273    0    0    0 1274    0 1275
   0 1276 1277 1278 1279 1280 1281 1282 1283 1284
   0 1285 1286 1287 1288 1289 1290 1291 1292 1293
   0    0    0    0    0 1294
   0    0    0    0    0 1295
