Level   1       2       1200            5       72
Level   2       4       2400            10      75
Level   3       6       3600            15      77
Level   4       8       5400            20      80
Level   5       10      7500            25      82
Level   6       12      9800            30      85
Level   7       14      12800           35      87
Level   8       16      16200           40      90
Level   9       18      20000           45      92
Level   10      19      24200           50      95
Level   11      20      28800           55      97
Level   12      21      33800           60      100
Level   13      22      39200           65      102
Level   14      23      45000           70      105
Level   15      24      51200           75      107
Level   16      25      57800           80      110
Level   17      26      64800           85      112
Level   18      27      72200           90      115
Level   19      28      80000           95      117
Level   20      29      88200           100     120
Level   21      30      96800           105     122
Level   22      31      105800          110     125
Level   23      32      115200          115     127
Level   24      33      125000          120     130
Level   25      34      135200          125     132
Level   26      35      145800          130     135
Level   27      36      156800          135     137
Level   28      37      168200          140     140
Level   29      38      180000          145     142
Level   30      39      192200          150     145
Level   31      40      204800          155     147
Level   32      41      217800          160     150
Level   33      42      231200          165     152
Level   34      43      245000          170     155
Level   35      44      259200          175     157
Level   36      45      273800          180     160
Level   37      46      288800          185     162
Level   38      47      304200          190     165
Level   39      48      320000          195     167
Level   40      49      336200          200     170
Level   41      50      352800          205     172
Level   42      51      369800          210     175
Level   43      52      387200          215     177
Level   44      53      405000          220     180
Level   45      54      423200          225     182
Level   46      55      441800          230     185
Level   47      56      460800          235     187
Level   48      57      480200          240     190
Level   49      58      500000          245     192
Level   50      59      520200          250     195
Level   51      60      540800          255     197
Level   52      61      561800          260     200
Level   53      62      583200          265     202
Level   54      63      605000          270     205
Level   55      64      627200          275     207
Level   56      65      649800          280     210
Level   57      66      672800          285     212
Level   58      67      696200          290     215
Level   59      68      720000          295     217
Level   60      69      744200          300     220
Level   61      70      768800          305     222
Level   62      71      793800          310     225
Level   63      72      819200          315     227
Level   64      73      845000          320     230
Level   65      74      871200          325     232
Level   66      75      897800          330     235
Level   67      76      924800          335     237
Level   68      77      952200          340     240
Level   69      78      980000          345     242
Level   70      79      1008200         350     245
Level   71      80      1036800         355     247
Level   72      81      1065800         360     250
Level   73      82      1095200         365     252
Level   74      83      1125000         370     255
Level   75      84      1155200         375     257
Level   76      85      1185800         380     260
Level   77      86      1216800         385     262
Level   78      87      1248200         390     265
Level   79      88      1280000         395     267
Level   80      89      1312200         400     270
Level   81      90      1344800         405     272
Level   82      91      1377800         410     275
Level   83      92      1411200         415     277
Level   84      93      1445000         420     280
Level   85      94      1479200         425     282
Level   86      95      1513800         430     285
Level   87      96      1548800         435     287
Level   88      97      1584200         440     290
Level   89      98      1620000         445     292
Level   90      99      1656200         450     295
Level   91      100     1692800         455     297
Level   92      101     1729800         460     300
Level   93      102     1767200         465     302
Level   94      103     1805000         470     305
Level   95      104     1843200         475     307
Level   96      105     1881800         480     310
Level   97      106     1920800         485     312
Level   98      107     1960200         490     315
Level   99      108     2000000         495     317
Level  100        0           0         500     320
End
